0.83934255 0.89239624 0.73023406 0.85303903 0.69362445 0.68882066 0.0 0.0
0.81210795 0.96568413 0.61700279 0.69484346 0.67467939 0.63623718 0.0 0.0
0.8227413 0.98288482 0.75968338 0.78117203 0.58109965 0.45093054 0.0 0.0
0.87044766 0.94060766 0.75170001 0.80966534 0.70483751 0.63630167 0.0 0.0
0.76332358 0.89335037 0.72837048 0.66181578 0.62009384 0.55135647 0.0 0.0
0.76191191 0.90487949 0.6465546 0.77795128 0.61728843 0.6996637 0.0 0.0
0.78553783 0.89480908 0.64281278 0.82320135 0.7499622 0.5655028 0.0 0.0
0.87650001 0.96997978 0.72716445 0.80704447 0.67184479 0.52536612 0.0 0.0
0.77066643 0.98413131 0.57422559 0.82536338 0.58800946 0.62374456 0.0 0.0
0.84785606 0.91283332 0.62545212 0.83733445 0.66071892 0.65462007 0.0 0.0
