0.80600748 0.87076782 0.69204736 0.83590168 0.58038162 0.67369731 0.0 0.0
0.81891037 0.97046101 0.5984729 0.67838115 0.58321206 0.55204049 0.0 0.0
0.8468485 0.96520299 0.79039719 0.67184116 0.69445759 0.45069251 0.0 0.0
0.78251465 0.95429056 0.5851357 0.7850957 0.63581358 0.60257476 0.0 0.0
0.74980574 0.93005302 0.62292281 0.67898702 0.6159914 0.5848221 0.0 0.0
0.81794526 0.91849839 0.49730469 0.74324234 0.60111854 0.73238118 0.0 0.0
0.78381057 0.85128957 0.59022279 0.83287689 0.70031884 0.54112992 0.0 0.0
0.85480713 0.93552506 0.63871289 0.80647459 0.65062154 0.66678369 0.0 0.0
0.7047872 0.97116634 0.47088788 0.77673117 0.57236546 0.58455817 0.0 0.0
0.85480713 0.93552506 0.63871289 0.80647459 0.65062154 0.66678369 0.0 0.0
