0.81765472 0.92145914 0.60891442 0.76528467 0.69097988 0.65112745 0.0 0.0
0.76839668 0.95871035 0.57869201 0.73718088 0.60940534 0.566958 0.0 0.0
0.76044114 0.95365187 0.77702792 0.69416933 0.66156293 0.45129279 0.0 0.0
0.84237951 0.96712356 0.66333793 0.72405282 0.62467215 0.71171068 0.0 0.0
0.69092301 0.93380474 0.59081858 0.68196476 0.58567128 0.63054689 0.0 0.0
0.80435589 0.87525993 0.65628896 0.76019877 0.66023728 0.62223353 0.0 0.0
0.72502286 0.80813302 0.48951296 0.81669992 0.684767 0.60733928 0.0 0.0
0.83236824 0.89707618 0.72520924 0.79245112 0.64299201 0.39867156 0.0 0.0
0.79763106 0.97152069 0.58031161 0.8191343 0.63366866 0.59154858 0.0 0.0
0.87340321 0.92501136 0.56885348 0.8598005 0.641647 0.68010213 0.0 0.0
