0.83805027 0.93120272 0.68713796 0.84898754 0.69137048 0.69024544 0.0 0.0
0.74811076 0.96126371 0.58897326 0.72040733 0.62901185 0.66598617 0.0 0.0
0.83412736 0.97358569 0.799596 0.7863153 0.74035468 0.48952295 0.0 0.0
0.84708187 0.96821927 0.70121531 0.82665186 0.61535876 0.68500004 0.0 0.0
0.74003303 0.93538356 0.61276196 0.77687354 0.65030998 0.68775365 0.0 0.0
0.7926046 0.89184173 0.63199836 0.80716245 0.68780242 0.6571047 0.0 0.0
0.77955901 0.80046972 0.70676238 0.78808449 0.75332375 0.64824187 0.0 0.0
0.85112683 0.97304591 0.72790462 0.79577906 0.63010462 0.4985954 0.0 0.0
0.85110229 0.97893145 0.56202374 0.82724925 0.57566884 0.60392596 0.0 0.0
0.88046361 0.96144589 0.52349726 0.86186032 0.57255865 0.75134487 0.0 0.0
