co1_bl_EMS = [0.741151   0.83497284 0.82919832 0.72573548 0.65877284 0.72556665 0.80533188 0.62345041 0.62345041 0.84543385]
co2_bl_EMS = [0.72881588 0.74681945 0.76843862 0.83333298 0.65909532 0.74527162 0.73548951 0.81222358 0.69956278 0.82498841]
co1_st_EMS = [0.80600748 0.81891037 0.8468485  0.78251465 0.74980574 0.81794526 0.78381057 0.85480713 0.7047872  0.85480713]
co2_st_EMS = [0.81765472 0.76839668 0.76044114 0.84237951 0.69092301 0.80435589 0.72502286 0.83236824 0.79763106 0.87340321]
co1_SL_EMS = [0.83934255 0.81210795 0.8227413  0.87044766 0.76332358 0.76191191 0.78553783 0.87650001 0.77066643 0.84785606]
co2_SL_EMS = [0.83805027 0.74811076 0.83412736 0.84708187 0.74003303 0.7926046 0.77955901 0.85112683 0.85110229 0.88046361]
--------------
co1_bl_Miami = [0.96122016 0.97417911 0.95637579 0.92805166 0.8679155  0.71508481 0.96525041 0.94209487 0.94209487 0.91891191]
co2_bl_Miami = [0.88721099 0.96761668 0.97019063 0.96856657 0.87302872 0.83311637 0.74572067 0.92349732 0.94296084 0.94118662]
co1_st_Miami = [0.87076782 0.97046101 0.96520299 0.95429056 0.93005302 0.91849839 0.85128957 0.93552506 0.97116634 0.93552506]
co2_st_Miami = [0.92145914 0.95871035 0.95365187 0.96712356 0.93380474 0.87525993 0.80813302 0.89707618 0.97152069 0.92501136]
co1_SL_Miami = [0.89239624 0.96568413 0.98288482 0.94060766 0.89335037 0.90487949 0.89480908 0.96997978 0.98413131 0.91283332]
co2_SL_Miami = [0.93120272 0.96126371 0.97358569 0.96821927 0.93538356 0.89184173 0.80046972 0.97304591 0.97893145 0.96144589]
--------------
co1_bl_OA = [0.42450883 0.37310875 0.5777971  0.53549713 0.65446508 0.4935751 0.4676729  0.57272829 0.57272829 0.54248856]
co2_bl_OA = [0.62705996 0.53666113 0.433573   0.67154672 0.6061707  0.51100902 0.54836253 0.37260556 0.56599055 0.35623269]
co1_st_OA = [0.67369731 0.55204049 0.45069251 0.60257476 0.5848221  0.73238118 0.54112992 0.66678369 0.58455817 0.66678369]
co2_st_OA = [0.65112745 0.566958   0.45129279 0.71171068 0.63054689 0.62223353 0.60733928 0.39867156 0.59154858 0.68010213]
co1_SL_OA = [0.68882066 0.63623718 0.45093054 0.63630167 0.55135647 0.6996637 0.5655028  0.52536612 0.62374456 0.65462007]
co2_SL_OA = [0.69024544 0.66598617 0.48952295 0.68500004 0.68775365 0.6571047 0.64824187 0.4985954  0.60392596 0.75134487]
--------------
co1_bl_MIS = [0.55786194 0.67988116 0.64109808 0.58840318 0.47671125 0.57979544 0.74697511 0.44724508 0.44724508 0.53193854]
co2_bl_MIS = [0.59003802 0.56503251 0.65880376 0.58204445 0.50839577 0.51780224 0.51200335 0.66411904 0.53248998 0.34441123]
co1_st_MIS = [0.69204736 0.5984729  0.79039719 0.5851357  0.62292281 0.49730469 0.59022279 0.63871289 0.47088788 0.63871289]
co2_st_MIS = [0.60891442 0.57869201 0.77702792 0.66333793 0.59081858 0.65628896 0.48951296 0.72520924 0.58031161 0.56885348]
co1_SL_MIS = [0.73023406 0.61700279 0.75968338 0.75170001 0.72837048 0.6465546 0.64281278 0.72716445 0.57422559 0.62545212]
co2_SL_MIS = [0.68713796 0.58897326 0.799596   0.70121531 0.61276196 0.63199836 0.70676238 0.72790462 0.56202374 0.52349726]
--------------
co1_bl_BPM = [0.64120382 0.69524922 0.72936857 0.61090602 0.76406883 0.74466914 0.76176128 0.77061558 0.77061558 0.75004891]
co2_bl_BPM = [0.75696868 0.69605529 0.70522789 0.69642255 0.6073787  0.76304953 0.77728218 0.55360677 0.75688765 0.73659215]
co1_st_BPM = [0.83590168 0.67838115 0.67184116 0.7850957  0.67898702 0.74324234 0.83287689 0.80647459 0.77673117 0.80647459]
co2_st_BPM = [0.76528467 0.73718088 0.69416933 0.72405282 0.68196476 0.76019877 0.81669992 0.79245112 0.8191343  0.8598005 ]
co1_SL_BPM = [0.85303903 0.69484346 0.78117203 0.80966534 0.66181578 0.77795128 0.82320135 0.80704447 0.82536338 0.83733445]
co2_SL_BPM = [0.84898754 0.72040733 0.7863153  0.82665186 0.77687354 0.80716245 0.78808449 0.79577906 0.82724925 0.86186032]
--------------
co1_bl_BE = [0.49045366 0.698736   0.69541067 0.57956957 0.63088392 0.76465103 0.56352715 0.48751261 0.48751261 0.62679561]
co2_bl_BE = [0.62221163 0.57403494 0.69130571 0.61759785 0.57420202 0.62501709 0.63488922 0.59950181 0.57052099 0.49247539]
co1_st_BE = [0.58038162 0.58321206 0.69445759 0.63581358 0.6159914  0.60111854 0.70031884 0.65062154 0.57236546 0.65062154]
co2_st_BE = [0.69097988 0.60940534 0.66156293 0.62467215 0.58567128 0.66023728 0.684767   0.64299201 0.63366866 0.641647  ]
co1_SL_BE = [0.69362445 0.67467939 0.58109965 0.70483751 0.62009384 0.61728843 0.7499622  0.67184479 0.58800946 0.66071892]
co2_SL_BE = [0.69137048 0.62901185 0.74035468 0.61535876 0.65030998 0.68780242 0.75332375 0.63010462 0.57566884 0.57255865]